n_pts_per_ray: 48
n_pts_per_ray_fine: 48
min_depth: 0.5680095434188843
max_depth: 1.1680095434188842
stratified: True
stratified_test: False
